3.6800
3.4000
0.8400
4.2000
4.5400
-2.5600
8.7900
1.8600
7.9600
4.4700
5.0200
1.3800
4.2100
4.4100
5.4000
-2.0200
2.2900
2.4900
2.5800
3.8000
3.1300
0.9200
1.9500
4.6600
0.4300
-0.3000
2.2700
4.1400
3.2900
-1.3400
-2.2600
6.8000
-2.1000
-2.6500
11.6400
2.0600
5.6900
1.6800
3.7300
0.7200
2.9100
-1.5800
3.2700
-5.0100
16.7500
9.7900
2.8200
3.6600
1.9900
3.6100
15.9800
1.2900
-0.7800
0.6700
-2.9900
8.2000
32.8100
3.2000
13.7300
25.7100
24.2800
-4.9600
8.2200
17.6900
6.2400
15.0000
9.3600
14.2100
-8.0400
23.4800
1.4300
9.9400
14.9200
-8.2500
16.6600
5.5700
15.1200
0.3800
4.4900
2.8700
1.9600
10.2100
20.1000
-11.1200
8.4600
16.0400
2.9700
-9.1000
