3.0000
3.0000
3.0800
3.1600
4.5500
2.3100
1.0700
0.9600
0.3200
0.1800
0.1700
0.3000
0.0800
0.0400
0.0300
0.0800
0.3400
0.3800
0.3800
0.3800
0.3800
0.5700
1.0200
1.1000
1.1700
1.4800
1.6700
1.8900
0.9600
1.6600
2.5600
3.2300
1.7800
3.2600
3.0500
2.2700
2.7800
3.1100
3.5100
3.9000
4.8400
4.3300
5.2600
6.5600
6.6900
4.5400
3.9500
6.7300
7.7800
5.9900
4.9700
5.1300
6.9300
9.9400
11.2200
14.3000
11.0100
8.4500
9.6100
7.4900
6.0400
5.7200
6.4500
8.1100
7.5500
5.6100
3.4100
2.9800
3.9900
5.5200
5.0200
5.0500
4.7300
4.5100
5.7600
3.6700
1.6600
1.0300
1.2300
3.0100
4.6800
4.6400
1.5900
0.1400
0.1300
0.0300
0.0500
0.0700
