6.7698
17.0131
18.2525
-0.9032
-7.3245
-18.5840
1.0451
21.0189
3.5366
20.9492
15.3044
-13.4147
13.8261
1.7700
-1.5661
-6.1106
8.8485
11.3075
8.9403
16.2664
-1.7687
2.5970
3.3588
9.7613
12.6542
9.4694
8.5624
1.7757
22.7663
12.5349
2.1018
-0.4599
16.6160
3.8236
6.2596
11.9121
-0.4016
10.1958
8.7822
5.7097
-2.0494
9.1642
6.4869
-5.1455
10.4685
11.0375
9.3071
-3.2202
-8.5877
17.2021
18.0194
-1.6339
2.9067
8.7368
12.3211
3.6490
25.6736
11.3799
10.2845
26.0981
20.1418
0.4171
11.3699
22.2461
2.6492
20.1549
8.0185
11.3898
-3.0906
27.1701
10.2894
18.7165
19.2682
4.6801
5.2933
-1.5879
-1.0604
11.6353
6.6651
3.6698
7.6930
7.7629
-4.4119
4.8281
10.1714
8.8623
7.8462
8.3150
