7.4701
19.8909
21.5111
-1.8048
-9.6224
-21.7632
0.6058
25.0176
3.4729
24.8192
18.0429
-15.9557
16.2799
1.7675
-2.2441
-6.8419
10.3590
13.3186
10.4880
19.2114
-2.4182
3.0600
3.8482
11.1103
14.8048
11.1743
9.8748
1.6580
26.7561
14.9818
2.5283
-1.5066
20.0298
4.5634
6.0389
14.0193
-1.3600
11.8503
9.8749
6.4210
-3.2955
10.8011
6.9302
-6.4257
10.1539
11.8384
10.5766
-5.0028
-11.1490
19.6495
19.5292
-2.5510
2.8360
9.2544
13.7618
2.0198
26.2507
12.3955
9.9053
27.9617
21.1402
0.3888
12.1504
24.1302
1.7104
22.2084
8.3621
11.9926
-3.3346
29.9453
11.8518
21.2738
21.4532
6.2066
3.8766
-3.0505
-3.2095
14.1616
7.5442
3.8255
8.6668
7.8140
-7.6213
7.1719
11.5250
9.0692
9.2834
11.2320