7676
1262
2068
8986
476
6029
739
2447
1621
50137
3992
1877
1020
3945
7309
1611946
1992
1031
20466
1910
1949
228622
1793
434
3083
1819
1414
4727
6133
657
1205
8065
802
2139
420
1155
8871
2504
11634
924
4425
2679
4462
1142
103665
18971
24884
10083
171095
19543
1290
5528
4023
3313
18343
6689
50587
4369
1789
2014
1558
5288
60803
36196
1817
3071
5535
3504
4696
1481
8050
38060
2462
2645
1413
375
962
1147
3439
1584
32298
2572
40907
1075
535
2288
60756
751
7768
20685
2402
10039
1151
2987
1448
1048
1412
11035
151927
8581
55713
5092
