10
12
14
18
18
19
20
20
22
24
26
26
33
34
35
39
40
41
41
42
42
44
46
47
48
48
49
49
51
54
55
55
55
57
57
61
62
64
67
68
68
72
73
74
75
77
77
78
81
82
83
87
90
91
92
94
98
100
113
114
116
125
125
126
128
130
135
136
149
149
150
154
158
158
164
164
172
175
181
182
183
189
191
194
194
197
200
200
205
209
210
214
219
226
235
238
238
239
247
249
250
257
266
275
277
278
283
287
289
296
311
321
323
323
324
326
328
330
347
348
358
359
362
372
375
395
396
410
420
431
434
447
459
475
476
490
500
535
537
541
548
554
558
573
587
599
635
644
649
649
657
662
670
733
739
742
742
751
751
777
780
802
813
830
842
896
924
934
936
942
962
997
1020
1025
1031
1048
1068
1075
1081
1085
1097
1109
1140
1142
1147
1151
1155
1159
1168
1205
1208
1243
1262
1285
1290
1412
1413
1414
1443
1448
1473
1481
1496
1558
1584
1621
1653
1675
1678
1703
1721
1767
1778
1789
1793
1796
1797
1817
1819
1838
1851
1877
1910
1942
1949
1966
1992
1992
2014
2068
2139
2155
2155
2288
2298
2402
2447
2462
2482
2504
2524
2572
2645
2675
2679
2778
2896
2987
3015
3071
3083
3206
3216
3313
3358
3439
3504
3725
3785
3821
3885
3945
3975
3992
4023
4047
4058
4145
4181
4206
4231
4275
4369
4425
4434
4455
4462
4480
4512
4521
4547
4649
4696
4727
4807
4846
4855
4888
5021
5064
5077
5092
5288
5472
5528
5535
5571
5622
5634
5640
5645
5698
5739
5754
5790
6029
6121
6133
6277
6367
6430
6689
6795
6855
6967
7180
7309
7372
7676
7748
7768
8050
8065
8181
8229
8276
8492
8581
8612
8630
8871
8986
9076
9281
9292
9750
10023
10039
10083
10208
10543
10737
10843
11035
11083
11634
11695
11822
11859
12282
12412
12615
12629
13003
13116
13207
13312
13454
13635
13985
14322
14352
18343
18971
19087
19091
19543
20357
20466
20685
21570
22790
24884
24961
25129
26689
26866
26998
32298
32484
33368
35633
36196
37237
38060
38707
40907
49944
50137
50587
53857
55624
55713
58678
60756
60803
70490
71612
82734
103665
109767
132720
151927
166415
171095
228622
453287
1611946
