22790
1496
4888
12282
1796
9281
1721
4434
3216
33368
10543
5622
5021
12412
13003
453287
6277
4206
19091
5077
5698
166415
5645
2778
13635
7372
4480
13116
8492
1942
4145
13454
3206
6430
1653
2155
13985
9750
10843
3975
11695
7748
6121
4649
82734
25129
24961
10737
109767
26689
4521
8612
10208
8181
26866
14322
70490
11859
3785
4058
4846
6795
71612
37237
4231
4807
12629
8630
9076
4455
14352
35633
6855
5634
5754
1678
1675
1767
10023
5739
26998
8276
49944
2524
1966
8229
53857
1778
11083
38707
5790
19087
4047
4275
5571
6967
5640
12615
132720
21570
55624
13207
